1 318 185
1 318 189
1 318 191
1 318 1329
1 318 1335
1 318 1470
2 184 315
2 184 316
2 184 319
2 184 2
2 184 4
2 184 5
2 185 316
2 185 319
2 185 11
2 185 12
2 189 312
2 189 315
2 189 40
2 189 42
2 189 43
2 189 45
2 189 46
2 189 47
2 191 313
2 191 315
2 191 316
2 191 56
2 191 57
2 191 61
2 191 63
3 315 1304
3 315 1306
3 315 1308
3 315 1309
3 315 1310
3 316 1314
3 316 1315
3 316 1468
3 319 1336
3 319 1339
3 1 88
3 1 120
3 1 144
3 1 152
3 1 176
3 2 72
3 2 80
3 2 88
3 2 96
3 2 112
3 2 120
3 2 136
3 2 160
3 2 168
3 2 176
3 4 72
3 4 80
3 4 88
3 4 104
3 4 112
3 4 128
3 4 176
3 5 144
3 5 152
3 5 168
3 11 65
3 11 129
3 11 137
3 11 153
3 11 177
3 12 89
3 12 97
3 12 105
3 12 129
3 12 137
3 12 153
3 12 161
3 312 1284
3 312 1285
3 40 69
3 40 77
3 40 85
3 40 93
3 40 117
3 40 157
3 42 69
3 42 101
3 42 117
3 42 133
3 42 157
3 42 181
3 43 77
3 43 101
3 43 109
3 43 125
3 43 141
3 43 149
3 43 181
3 45 77
3 45 85
3 45 93
3 45 101
3 45 133
3 45 157
3 45 165
3 45 181
3 46 69
3 46 133
3 46 157
3 46 173
3 46 181
3 47 69
3 47 77
3 47 85
3 47 109
3 47 133
3 47 141
3 47 149
3 47 157
3 313 1288
3 313 1293
3 313 1465
3 56 71
3 56 79
3 56 87
3 56 119
3 56 135
3 56 143
3 56 159
3 57 79
3 57 135
3 57 167
3 57 175
3 61 87
3 61 95
3 61 111
3 61 119
3 61 127
3 61 135
3 61 143
3 61 151
3 61 167
3 61 175
3 63 111
3 63 143
3 63 151
3 63 159
3 63 175
4 64 192
4 64 199
4 80 208
4 80 211
4 80 212
4 80 215
4 88 217
4 88 219
4 88 220
4 88 223
4 96 225
4 96 231
4 104 239
4 120 249
4 120 250
4 120 251
4 120 252
4 120 253
4 120 255
4 128 259
4 128 260
4 128 263
4 144 278
4 152 280
4 152 286
4 176 306
4 176 307
4 176 308
4 176 309
4 176 310
4 72 201
4 72 202
4 72 203
4 72 205
4 72 206
4 112 242
4 136 264
4 136 269
4 136 270
4 160 289
4 160 292
4 160 293
4 168 300
4 168 301
4 65 192
4 65 197
4 129 256
4 129 257
4 129 262
4 137 269
4 137 270
4 137 271
4 153 281
4 153 282
4 153 285
4 177 307
4 89 216
4 89 217
4 89 220
4 97 224
4 97 225
4 97 226
4 105 232
4 105 233
4 105 236
4 105 237
4 161 295
4 69 193
4 69 194
4 69 197
4 69 199
4 77 201
4 77 202
4 77 205
4 77 207
4 85 208
4 85 209
4 85 212
4 85 213
4 93 217
4 117 242
4 117 247
4 157 280
4 157 285
4 157 286
4 157 287
4 101 224
4 101 225
4 101 226
4 101 228
4 101 231
4 133 261
4 181 304
4 181 307
4 109 235
4 109 236
4 109 237
4 125 248
4 125 251
4 125 255
4 141 266
4 141 269
4 149 272
4 149 273
4 149 276
4 149 279
4 165 288
4 165 292
4 165 293
4 165 295
4 173 296
4 173 299
4 173 302
4 71 194
4 71 195
4 71 197
4 71 198
4 79 200
4 79 201
4 79 202
4 87 213
4 119 246
4 135 258
4 135 262
4 143 264
4 159 281
4 159 282
4 159 284
4 159 285
4 167 289
4 167 291
4 167 292
4 167 293
4 167 294
4 175 296
4 175 299
4 175 301
4 175 302
4 175 303
4 95 222
4 111 234
4 111 235
4 111 236
4 111 238
4 127 248
4 127 249
4 127 250
4 151 272
4 151 274
4 151 279
5 192 320
5 192 323
5 192 324
5 192 325
5 194 336
5 195 344
5 199 378
5 199 379
5 199 382
5 199 1351
5 208 448
5 208 450
5 208 451
5 208 453
5 211 472
5 211 474
5 211 477
5 211 479
5 211 1363
5 212 483
5 212 484
5 212 486
5 212 487
5 214 501
5 214 503
5 215 504
5 215 507
5 217 520
5 217 523
5 217 525
5 217 527
5 219 537
5 219 538
5 219 539
5 219 540
5 219 541
5 219 1371
5 220 545
5 220 546
5 220 548
5 220 549
5 220 551
5 223 575
5 224 578
5 225 585
5 225 588
5 227 601
5 227 603
5 229 621
5 229 1381
5 231 633
5 231 635
5 231 636
5 231 637
5 231 638
5 232 645
5 232 647
5 233 649
5 233 650
5 233 652
5 233 1385
5 234 658
5 234 661
5 239 698
5 239 701
5 239 703
5 249 781
5 249 782
5 249 1401
5 250 785
5 250 788
5 250 790
5 250 791
5 250 1402
5 251 794
5 251 795
5 251 798
5 251 799
5 251 1403
5 252 800
5 252 801
5 252 803
5 252 804
5 252 1404
5 253 808
5 253 812
5 253 814
5 253 1405
5 255 825
5 255 826
5 255 827
5 255 829
5 257 840
5 257 843
5 257 847
5 259 859
5 259 863
5 259 1411
5 260 864
5 260 867
5 263 890
5 263 891
5 263 892
5 278 1009
5 278 1430
5 280 1024
5 280 1026
5 280 1027
5 280 1029
5 280 1432
5 286 1072
5 286 1074
5 286 1075
5 286 1077
5 286 1079
5 306 1232
5 306 1234
5 306 1237
5 307 1240
5 307 1243
5 307 1244
5 307 1247
5 308 1255
5 309 1258
5 309 1260
5 309 1261
5 310 1264
5 310 1265
5 310 1268
5 201 395
5 201 396
5 201 399
5 202 402
5 202 403
5 202 406
5 203 408
5 203 410
5 203 413
5 205 427
5 205 428
5 205 429
5 205 430
5 205 431
5 206 434
5 206 437
5 206 438
5 206 1358
5 242 722
5 242 725
5 242 726
5 264 896
5 264 899
5 264 900
5 264 1416
5 269 938
5 269 941
5 269 943
5 269 1421
5 270 944
5 270 946
5 270 947
5 270 948
5 270 949
5 270 951
5 270 1422
5 289 1096
5 289 1097
5 289 1101
5 289 1102
5 289 1441
5 292 1120
5 292 1121
5 292 1124
5 293 1130
5 293 1131
5 293 1132
5 293 1134
5 293 1135
5 293 1445
5 300 1185
5 300 1187
5 300 1188
5 301 1194
5 301 1197
5 301 1198
5 301 1453
5 197 362
5 197 364
5 256 832
5 256 833
5 256 834
5 256 836
5 256 1408
5 262 880
5 262 885
5 262 886
5 262 887
5 271 952
5 271 954
5 271 1423
5 281 1034
5 281 1035
5 282 1041
5 282 1044
5 285 1066
5 285 1437
5 216 512
5 216 518
5 216 519
5 226 592
5 226 596
5 226 599
5 226 1378
5 236 676
5 237 680
5 237 684
5 237 687
5 237 1389
5 295 1144
5 295 1148
5 295 1151
5 193 330
5 193 333
5 207 441
5 207 442
5 207 443
5 207 444
5 207 445
5 209 458
5 209 461
5 209 463
5 213 490
5 213 493
5 213 495
5 213 1365
5 247 764
5 247 765
5 247 767
5 287 1082
5 287 1086
5 287 1439
5 228 609
5 228 610
5 228 611
5 228 613
5 261 873
5 261 876
5 261 878
5 304 1216
5 304 1220
5 304 1221
5 235 664
5 235 1387
5 248 769
5 248 1400
5 266 912
5 266 917
5 266 918
5 266 1418
5 272 961
5 272 963
5 272 964
5 272 1424
5 273 968
5 273 969
5 273 970
5 276 995
5 276 998
5 279 1016
5 279 1023
5 288 1088
5 288 1089
5 288 1091
5 288 1094
5 296 1155
5 296 1156
5 296 1159
5 299 1177
5 299 1182
5 299 1183
5 299 1451
5 302 1203
5 302 1204
5 302 1205
5 198 370
5 198 374
5 200 385
5 200 388
5 200 389
5 246 752
5 246 753
5 246 754
5 246 755
5 246 756
5 246 758
5 246 1398
5 258 849
5 258 852
5 284 1056
5 284 1060
5 284 1061
5 284 1062
5 284 1063
5 291 1112
5 291 1113
5 291 1115
5 291 1117
5 291 1443
5 294 1136
5 294 1141
5 294 1142
5 303 1210
5 303 1212
5 303 1215
5 303 1455
5 222 561
5 222 564
5 222 566
5 238 691
5 238 692
5 238 695
5 274 982
5 274 983