100
74 22 1 1000 77
53 54 55 59 62 63 64 65 66 67 72 78 84 86 88 89 91 92 93 95 97 98
65 22 1 1000 14
45 48 50 63 67 68 69 71 73 75 78 79 80 81 83 88 89 90 91 95 96 98
77 22 1 1000 66
45 46 47 48 49 50 51 54 62 63 67 69 73 79 80 82 84 85 86 89 91 97
57 22 1 1000 59
46 49 52 53 54 55 56 62 67 68 70 71 76 77 78 80 83 86 89 92 93 97
56 22 1 1000 66
46 50 51 55 61 65 68 73 74 77 82 84 86 87 88 89 90 91 93 94 95 96
49 22 1 1000 87
45 51 53 58 61 63 65 68 69 70 71 73 75 77 78 79 80 82 85 88 93 94
60 22 1 1000 90
49 53 55 59 61 62 64 67 70 71 74 77 79 81 86 87 89 90 92 94 95 97
77 22 1 1000 61
45 46 47 51 59 60 61 62 71 72 74 78 80 81 82 84 85 86 91 93 94 95
55 22 1 1000 76
45 47 48 50 53 54 57 60 62 63 65 66 68 73 74 77 79 81 82 90 97 98
85 22 1 1000 20
50 52 53 56 59 61 65 72 74 75 78 79 82 83 84 86 91 92 93 94 97 98
67 22 1 1000 12
49 50 51 52 53 57 58 60 61 62 63 65 66 68 70 73 75 77 78 81 91 98
52 22 1 1000 80
46 48 49 50 53 57 63 65 66 68 70 72 74 75 82 88 89 92 94 95 96 97
93 22 1 1000 45
46 48 49 51 55 57 58 64 65 67 68 70 73 74 75 84 85 88 89 91 97 98
56 22 1 1000 16
45 46 48 49 51 54 55 62 64 65 69 70 71 73 74 78 80 86 87 88 89 90
61 22 1 1000 47
48 49 51 52 59 62 63 64 65 66 67 69 70 72 73 74 77 78 89 92 95 96
91 22 1 1000 100
48 49 50 51 52 53 57 59 67 69 72 73 80 81 83 84 87 88 92 95 97 98
53 22 1 1000 61
45 50 51 52 54 55 62 66 67 68 70 72 78 79 85 87 90 91 92 94 95 97
53 22 1 1000 97
45 51 52 56 59 60 63 64 66 68 70 72 74 77 81 84 88 89 91 92 93 94
80 22 1 1000 59
45 46 48 49 50 54 57 59 62 63 65 67 69 72 73 74 86 88 91 92 96 97
82 22 1 1000 96
45 47 49 52 53 56 58 60 62 64 65 66 70 71 73 74 77 80 83 85 88 90
77 22 1 1000 30
46 49 50 51 52 53 54 57 59 60 61 67 70 75 76 81 83 86 89 91 93 97
56 22 1 1000 29
46 54 57 60 62 65 66 68 69 70 73 75 79 82 85 90 91 92 93 94 97 98
96 22 1 1000 96
46 48 49 50 51 52 54 58 61 63 64 65 67 68 72 78 87 89 92 93 95 97
93 22 1 1000 39
49 51 53 57 58 60 62 64 66 70 72 73 74 77 79 80 85 90 91 92 96 98
77 22 1 1000 37
45 48 49 52 53 54 56 64 67 70 72 73 74 76 78 79 83 84 86 93 94 97
51 22 1 1000 94
46 48 49 50 55 56 59 60 63 64 69 70 75 80 81 84 86 90 91 96 97 98
87 22 1 1000 94
45 48 50 51 56 59 60 64 67 68 70 76 78 80 82 83 84 89 91 93 94 95
74 22 1 1000 54
45 46 50 58 59 60 61 64 66 68 71 75 78 80 81 82 83 86 88 93 94 96
67 22 1 1000 10
45 47 48 53 55 59 61 62 64 70 76 77 78 79 86 87 90 91 93 94 96 97
86 22 1 1000 51
47 48 51 53 56 59 60 63 64 69 72 73 75 77 79 82 83 87 89 92 93 98
58 22 1 1000 51
45 50 51 55 59 62 63 64 66 67 68 69 72 73 76 78 79 81 83 84 86 90
81 22 1 1000 31
45 48 50 52 56 58 59 60 62 66 72 76 77 78 79 84 85 86 88 90 93 95
94 22 1 1000 11
48 53 54 55 56 57 58 60 63 68 70 71 72 75 77 78 80 83 87 95 97 98
56 22 1 1000 44
48 49 53 54 55 57 58 61 68 70 72 73 76 78 83 84 88 90 93 94 96 97
79 22 1 1000 4
47 51 53 55 62 65 66 67 70 73 74 75 80 81 82 83 85 88 89 92 94 95
92 22 1 1000 29
48 50 53 54 55 58 59 62 70 71 72 77 80 81 84 85 86 89 90 94 95 96
79 22 1 1000 58
46 48 49 50 52 54 58 61 63 65 68 69 72 75 78 80 81 88 95 96 97 98
59 22 1 1000 15
46 49 52 54 55 57 63 64 73 74 78 80 82 83 85 87 88 89 91 95 97 98
47 22 1 1000 60
49 50 51 52 53 56 57 58 60 63 67 70 75 83 85 86 88 89 90 95 96 98
51 22 1 1000 36
45 47 48 49 56 57 59 60 64 72 75 79 80 83 86 87 89 91 92 93 96 98
97 22 1 1000 55
49 51 55 57 59 61 62 63 64 69 70 71 73 77 78 79 86 87 88 90 93 95
76 22 1 1000 56
47 49 52 53 54 55 58 62 64 67 75 82 85 86 87 90 92 94 95 96 97 98
75 22 1 1000 48
49 53 57 58 59 60 61 66 68 71 74 78 79 80 81 86 88 90 91 93 97 98
79 22 1 1000 18
48 49 51 52 53 55 57 60 63 64 65 75 85 87 88 89 90 92 95 96 97 98
59 22 1 1000 81
48 49 50 52 54 55 57 58 60 66 67 70 72 74 78 79 81 83 87 88 89 91
55 22 1 1000 68
45 50 51 52 56 57 58 60 61 64 65 67 73 74 76 82 84 86 87 88 90 92
60 22 1 1000 88
46 47 48 49 53 59 61 64 65 66 72 73 74 79 82 84 85 86 88 91 94 97
89 22 1 1000 80
45 48 49 50 55 56 57 59 60 62 70 74 75 76 78 79 81 82 83 84 90 97
86 22 1 1000 59
50 52 59 60 61 64 66 67 70 73 74 76 81 84 85 87 88 92 93 95 97 98
75 22 1 1000 57
53 57 58 59 60 62 64 68 72 73 74 78 81 82 83 84 87 89 95 96 97 98
79 22 1 1000 28
45 46 48 51 54 58 63 64 67 76 80 81 82 86 87 88 89 90 91 94 96 97
63 22 1 1000 2
46 48 52 56 57 58 62 73 76 78 79 82 83 86 87 88 90 91 92 93 95 97
62 22 1 1000 82
46 47 54 55 56 59 60 63 64 66 69 71 73 76 79 81 86 91 92 93 97 98
74 22 1 1000 28
45 46 47 48 56 57 58 60 61 63 67 72 73 75 77 82 83 87 90 92 95 97
49 22 1 1000 28
45 47 48 54 55 58 61 62 65 66 69 73 76 80 87 88 89 90 91 92 93 94
90 22 1 1000 90
47 57 58 59 62 63 64 67 68 70 74 75 77 78 80 81 91 93 95 96 97 98
87 22 1 1000 22
45 53 55 56 57 63 64 67 68 70 72 73 74 76 81 82 84 89 92 95 96 97
93 22 1 1000 69
47 50 51 52 53 62 63 64 65 68 69 72 73 74 78 79 84 90 92 94 95 97
79 22 1 1000 58
47 49 52 54 57 60 64 65 67 69 70 77 83 84 85 87 91 92 93 94 97 98
47 22 1 1000 82
45 48 49 50 52 53 54 57 62 64 77 83 84 86 87 88 89 91 92 95 97 98
61 22 1 1000 56
46 48 56 58 62 63 64 65 68 70 75 79 80 83 84 85 87 89 91 93 96 98
95 22 1 1000 28
47 50 52 55 58 61 62 63 65 67 70 73 77 78 80 83 85 86 89 90 94 96
86 22 1 1000 93
52 54 56 64 65 66 69 71 72 74 75 77 79 82 83 84 91 92 93 94 96 97
84 22 1 1000 97
48 49 52 53 57 59 61 62 70 71 73 76 78 80 82 85 87 89 90 92 97 98
54 22 1 1000 65
47 48 49 50 51 52 53 57 59 62 64 67 76 78 82 83 86 89 90 92 94 97
82 22 1 1000 61
45 46 47 49 51 54 55 56 61 62 64 66 69 71 76 77 81 83 85 89 90 92
45 22 1 1000 73
46 49 51 52 56 57 58 59 63 65 69 71 77 79 84 87 88 89 92 94 95 96
47 22 1 1000 13
49 51 52 54 55 57 61 66 67 71 72 79 83 84 88 89 91 92 94 95 96 97
55 22 1 1000 38
45 47 50 58 65 70 71 72 73 74 75 76 79 84 85 86 87 90 91 92 95 98
50 22 1 1000 24
51 54 55 56 58 61 64 65 66 67 70 72 74 75 76 81 85 86 88 95 96 98
50 22 1 1000 54
46 48 49 51 53 57 62 63 66 67 70 72 76 78 83 85 86 87 88 92 95 96
91 22 1 1000 31
45 47 50 51 53 56 57 59 62 65 67 70 72 75 76 80 81 84 89 92 93 94
78 22 1 1000 26
45 47 48 51 53 55 59 64 68 70 71 73 75 79 81 83 85 89 90 92 94 96
76 22 1 1000 55
47 50 51 55 57 59 61 63 66 67 68 69 70 72 73 75 77 81 82 88 89 95
68 22 1 1000 79
47 50 51 52 56 58 59 61 62 69 70 71 74 80 82 85 87 88 90 91 92 94
72 22 1 1000 23
48 52 53 54 55 56 57 59 60 64 66 68 73 74 77 78 79 81 83 89 94 96
46 22 1 1000 70
52 53 54 56 57 58 60 61 63 65 68 70 71 73 75 77 78 85 89 91 95 98
65 22 1 1000 59
46 47 49 50 51 52 53 55 56 57 58 62 64 69 75 77 78 85 87 91 97 98
57 22 1 1000 12
45 48 49 50 53 54 63 66 67 73 74 75 76 78 84 86 88 89 91 92 97 98
58 22 1 1000 82
45 46 47 50 55 56 64 65 66 69 70 71 72 79 83 85 86 88 91 93 94 96
92 22 1 1000 95
45 46 47 48 49 50 52 56 58 60 66 70 71 74 75 79 80 84 88 90 91 98
98 22 1 1000 45
46 48 50 52 53 55 60 62 63 64 65 72 74 75 78 79 82 85 86 93 95 97
64 22 1 1000 31
45 50 54 55 56 57 58 59 66 69 70 71 74 76 81 85 86 89 92 93 96 98
82 22 1 1000 48
45 53 54 55 56 58 61 62 63 66 68 75 78 79 80 83 90 91 92 94 95 97
53 22 1 1000 19
45 49 52 54 55 57 58 60 61 64 72 73 75 82 84 85 89 90 91 92 93 97
47 22 1 1000 47
45 48 50 53 54 56 60 63 64 65 68 69 70 71 72 73 74 78 80 82 95 97
85 22 1 1000 83
46 47 49 51 55 58 59 60 61 67 75 79 82 86 87 89 90 91 92 93 95 96
78 22 1 1000 6
45 47 49 50 51 52 58 60 66 69 72 77 81 82 83 86 89 91 92 94 96 97
46 22 1 1000 58
45 47 48 49 52 56 61 65 67 68 69 72 77 80 81 85 86 88 89 93 95 98
80 22 1 1000 52
47 48 50 53 56 58 59 66 67 72 73 74 76 77 79 82 84 86 91 94 95 98
53 22 1 1000 19
45 47 49 54 56 59 61 65 66 68 69 73 75 78 83 84 86 88 89 90 92 98
87 22 1 1000 80
46 49 50 54 56 60 61 62 64 65 68 69 70 73 76 77 78 79 80 81 88 90
86 22 1 1000 67
45 46 48 50 57 59 64 65 67 68 70 73 74 78 82 83 90 91 93 94 96 97
61 22 1 1000 88
47 48 49 51 52 56 58 62 66 68 70 71 73 75 79 85 86 88 90 91 93 97
57 22 1 1000 79
45 52 53 55 59 60 64 65 66 68 71 77 78 81 82 83 85 88 89 92 97 98
65 22 1 1000 94
45 47 48 53 54 56 59 62 63 64 68 70 71 72 80 81 85 87 90 92 97 98
63 22 1 1000 73
45 46 54 59 62 65 67 69 71 73 75 76 78 79 80 83 85 88 90 91 93 94
92 22 1 1000 39
48 53 56 58 59 60 62 63 65 69 72 79 83 88 89 90 91 93 94 96 97 98
77 22 1 1000 62
45 46 47 51 54 55 58 60 64 67 68 69 73 75 76 78 82 83 85 91 94 96
58 22 1 1000 9
49 50 53 55 56 57 63 64 69 70 72 75 77 80 81 85 86 90 91 92 94 98
