100
208 100 1 1000 77
127 132 133 134 135 138 139 145 146 147 148 152 154 157 160 161 162 163 164 175 182 185 187 189 191 192 197 199 200 205 206 211 214 216 220 224 231 236 237 238 247 250 251 252 253 254 256 258 259 262 267 269 274 276 281 282 283 284 286 287 289 290 296 298 299 300 301 306 307 308 311 312 316 319 321 324 329 330 331 332 333 335 336 339 342 343 344 345 348 349 354 355 357 359 361 365 368 370 373 374
132 100 1 1000 14
125 129 133 135 139 142 151 154 155 162 165 167 170 171 174 175 176 182 183 184 185 186 187 190 191 192 193 199 200 201 203 204 206 209 211 214 225 226 227 229 230 231 234 236 237 238 239 241 244 245 251 254 257 259 266 267 270 273 276 279 281 282 283 285 287 290 293 299 300 308 312 313 314 315 318 321 322 324 326 327 329 330 332 333 334 339 344 347 348 350 353 355 357 358 361 363 365 368 373 374
243 100 1 1000 76
125 133 140 141 142 143 145 149 152 154 156 157 158 162 168 169 171 173 174 175 176 180 184 188 189 197 203 206 207 208 211 213 215 216 217 219 222 224 227 230 231 232 234 241 245 246 247 249 251 252 253 254 257 258 260 262 263 266 268 269 270 274 275 278 279 283 288 290 291 294 295 296 299 302 306 308 311 316 318 319 323 324 327 329 331 334 339 340 341 342 345 347 348 350 354 360 361 369 370 374
239 100 1 1000 24
128 137 138 139 140 142 143 144 145 148 151 153 155 156 159 161 164 167 170 172 173 177 179 181 184 185 193 194 199 203 204 206 207 209 210 213 215 218 221 222 225 228 234 237 242 246 247 248 249 251 252 253 254 256 257 258 260 261 264 265 266 268 270 271 275 276 279 281 282 286 287 289 294 299 302 303 306 307 308 309 326 327 328 331 333 335 342 346 348 349 351 354 356 358 364 365 367 368 371 372
353 100 1 1000 44
128 130 131 133 134 135 138 139 142 144 147 148 149 151 152 153 154 155 157 158 162 169 172 173 176 178 179 186 190 193 197 200 203 206 207 211 218 219 223 224 228 230 231 234 237 238 241 243 246 248 249 250 253 254 258 263 268 269 272 273 275 276 280 281 282 284 291 292 295 298 300 301 302 303 304 307 311 312 314 315 316 319 320 327 334 335 336 342 343 350 351 357 360 362 363 365 366 367 368 372
241 100 1 1000 79
126 127 128 132 134 135 137 138 139 145 147 148 150 152 155 156 160 162 163 164 165 167 169 175 176 178 180 183 184 185 189 195 200 204 207 208 211 212 220 222 226 237 240 245 246 249 250 251 253 254 255 256 259 263 264 267 270 272 273 275 276 281 283 284 285 287 289 294 295 298 299 304 308 309 314 320 322 323 325 328 329 330 331 334 337 341 344 346 347 351 352 354 357 358 360 361 364 366 367 368
367 100 1 1000 70
126 128 131 132 135 136 139 141 142 144 146 147 151 152 158 159 160 162 163 169 170 172 173 175 176 179 181 186 187 192 198 201 202 204 205 209 211 213 214 215 217 220 223 224 226 227 228 231 232 234 236 238 239 240 245 250 251 256 258 260 266 267 268 269 270 274 276 278 280 282 283 285 286 288 291 293 304 310 313 316 320 322 325 334 335 339 341 345 346 349 351 352 357 358 362 364 366 369 372 374
321 100 1 1000 2
126 128 131 132 138 139 142 143 145 150 153 155 159 161 163 166 168 171 172 174 175 176 177 182 185 190 192 195 196 197 200 203 206 213 214 217 218 219 220 223 228 229 232 233 235 236 240 242 243 247 248 254 257 259 261 262 265 268 269 273 276 280 285 287 288 291 292 293 294 295 296 298 301 304 309 311 313 317 323 325 326 328 331 334 338 341 342 344 345 347 349 350 354 355 364 366 367 369 372 374
308 100 1 1000 90
131 133 134 136 137 140 141 147 150 155 156 159 163 164 172 173 178 184 185 187 191 192 195 203 204 207 210 212 213 214 216 220 221 226 227 229 230 235 238 239 243 247 249 250 254 255 256 258 261 264 267 270 271 272 273 278 279 280 282 283 284 286 288 290 292 293 295 300 302 303 309 310 313 315 322 323 326 329 330 334 336 337 340 342 343 346 347 350 352 355 356 357 358 359 361 365 367 368 369 372
287 100 1 1000 56
125 127 129 130 133 139 145 147 149 154 155 157 158 161 163 164 166 169 170 172 173 174 178 185 186 187 189 191 194 195 198 202 203 205 206 207 211 212 216 218 219 220 226 227 231 234 235 237 238 239 241 242 244 245 246 248 258 259 261 264 265 266 267 268 271 283 288 289 290 291 297 305 306 308 309 314 316 317 318 326 328 329 332 333 335 336 337 339 347 350 351 354 355 358 360 361 365 367 369 371
134 100 1 1000 79
127 129 130 133 135 141 142 145 146 147 149 151 157 161 162 163 166 170 171 176 179 180 183 185 186 187 191 193 196 198 200 205 213 217 219 220 224 227 229 231 234 236 237 240 242 243 246 248 250 252 254 258 259 260 266 267 268 270 272 273 277 280 282 284 285 288 289 290 291 292 293 295 297 298 299 303 304 305 308 310 315 316 318 319 322 325 326 327 328 329 336 341 344 345 350 354 362 367 370 373
196 100 1 1000 9
128 133 135 143 145 148 149 151 152 157 165 167 173 175 176 178 179 180 181 182 186 189 190 192 194 197 198 199 204 205 212 213 214 215 217 219 224 229 232 233 236 238 239 241 243 244 246 247 248 250 251 253 255 259 264 265 267 270 274 275 278 279 284 286 287 289 290 291 292 294 295 296 304 306 308 310 314 316 317 319 320 322 324 325 328 333 334 335 336 347 348 350 352 354 357 360 365 367 372 373
173 100 1 1000 28
127 128 130 133 136 137 139 141 143 144 145 146 147 152 153 156 158 159 161 162 171 174 177 178 182 183 185 187 190 191 192 196 201 210 213 214 216 218 221 224 227 231 232 234 238 239 241 242 244 248 249 252 253 256 264 265 266 273 274 277 278 281 282 283 287 291 294 295 300 301 302 303 304 305 306 311 312 314 318 319 324 325 330 331 333 334 335 338 339 340 346 347 348 350 361 362 365 371 373 374
161 100 1 1000 45
126 129 132 133 135 136 138 142 143 147 150 152 153 156 157 158 159 165 166 167 169 174 175 178 181 182 183 185 189 194 195 199 200 204 208 211 213 215 217 221 222 223 224 229 231 233 235 238 242 245 246 249 250 258 259 260 261 264 266 268 269 271 274 275 277 281 282 283 286 287 289 294 297 300 302 305 306 307 308 313 314 318 324 326 327 337 338 339 342 345 347 352 355 358 359 360 362 365 371 373
165 100 1 1000 66
125 126 127 131 132 133 140 142 143 145 146 147 148 153 154 155 156 157 158 162 163 169 172 179 180 181 183 185 189 192 193 196 197 199 203 207 208 214 220 221 222 223 224 227 229 230 231 235 248 251 255 258 259 260 263 274 277 279 280 284 285 292 295 297 298 299 302 304 307 308 309 311 312 313 314 315 318 319 322 323 324 325 326 327 338 341 342 345 346 350 353 356 357 358 360 367 369 370 371 372
340 100 1 1000 9
126 127 129 130 133 134 136 141 143 145 152 155 157 160 161 165 166 167 168 170 171 176 177 178 179 180 181 182 187 188 192 193 195 197 198 199 200 208 209 210 211 213 218 222 225 228 231 234 237 240 249 251 256 258 262 263 270 271 273 274 276 277 280 284 286 291 295 300 302 303 304 306 308 309 311 312 314 316 319 322 324 325 326 330 331 342 346 348 349 351 353 355 359 362 363 364 365 369 371 372
264 100 1 1000 56
127 128 130 138 141 144 147 151 152 158 161 163 164 165 166 167 171 175 177 178 180 181 183 184 186 188 189 198 200 201 203 205 206 215 218 219 220 224 229 231 232 234 239 241 244 247 248 249 252 254 256 259 260 261 265 267 268 269 273 274 275 278 279 281 283 286 287 289 291 293 295 296 300 301 302 304 307 317 322 327 332 333 334 336 339 340 343 344 349 353 354 355 356 357 361 366 367 372 373 374
211 100 1 1000 83
125 129 130 131 133 134 137 139 142 143 147 148 149 150 151 155 157 158 160 161 163 164 168 170 171 174 176 177 186 189 194 195 204 206 212 213 215 216 220 224 226 231 232 233 234 241 243 247 248 249 251 254 255 260 262 264 266 269 273 276 278 279 280 281 282 283 285 289 290 292 295 305 307 311 313 314 315 317 324 325 326 327 329 337 338 339 340 343 346 349 356 357 360 361 363 364 368 369 372 374
165 100 1 1000 28
127 128 130 132 134 139 141 142 144 148 149 151 153 154 155 160 164 166 172 173 178 180 181 182 183 184 185 193 194 197 198 199 200 209 210 214 220 228 229 230 231 235 236 240 241 255 258 261 264 267 269 271 272 274 276 277 278 279 280 283 288 289 293 294 295 298 305 307 310 313 314 316 321 323 325 326 327 328 331 333 335 337 339 341 343 344 346 351 355 357 361 362 363 364 365 368 369 370 373 374
210 100 1 1000 21
125 126 127 130 132 134 136 138 140 141 142 147 149 151 155 156 157 159 162 163 164 165 168 170 171 178 181 183 186 189 190 191 192 194 196 197 200 202 204 205 208 216 218 221 222 224 225 228 230 231 235 236 237 238 240 242 245 246 249 250 254 258 261 267 269 270 271 275 277 280 283 285 287 288 290 296 298 302 305 309 313 315 324 328 330 333 335 337 338 340 341 342 343 345 346 348 356 361 368 371
336 100 1 1000 45
128 134 135 146 147 149 153 157 159 160 161 166 169 170 171 175 178 179 182 183 188 192 193 194 195 198 200 201 203 205 209 211 213 214 216 218 221 223 225 227 230 231 234 235 241 242 245 246 247 254 256 257 258 260 261 262 265 268 272 274 275 276 284 286 287 290 293 295 300 303 304 306 309 310 313 316 322 328 329 330 331 332 335 337 339 341 342 345 346 351 352 354 357 359 361 363 366 367 371 373
245 100 1 1000 78
125 126 127 130 132 136 137 142 143 147 150 155 166 169 172 174 178 180 182 184 186 188 189 190 193 197 199 200 208 210 220 222 223 225 226 228 229 231 232 234 236 237 238 240 241 242 246 247 252 253 255 266 267 268 278 282 283 285 286 288 293 294 295 300 305 306 307 308 310 311 317 319 321 326 327 328 330 332 333 334 335 338 342 343 347 348 350 351 353 354 355 356 359 362 365 366 367 368 373 374
151 100 1 1000 17
125 129 130 133 134 135 137 140 141 145 146 147 149 152 153 154 159 161 169 170 174 178 182 186 192 196 202 203 208 210 211 213 214 215 220 221 222 226 227 229 233 234 238 240 241 242 245 246 253 260 261 262 263 265 267 270 271 272 275 276 277 280 282 283 284 285 289 291 292 293 298 301 307 310 311 312 314 315 319 328 331 333 334 337 340 341 342 347 348 349 350 356 361 363 365 366 367 369 372 373
316 100 1 1000 40
125 126 129 133 134 136 137 142 143 145 146 147 150 152 161 166 167 171 173 174 175 177 178 182 184 187 188 191 193 194 196 197 199 200 204 214 215 217 219 220 226 228 229 236 237 238 241 251 252 255 263 264 268 271 274 276 277 278 279 284 287 288 290 291 293 295 297 303 304 306 308 309 310 318 319 320 323 324 325 326 328 331 333 334 338 339 340 344 346 347 351 352 355 360 361 364 365 370 371 374
358 100 1 1000 35
127 128 133 135 143 144 145 147 148 149 152 158 160 164 166 167 168 169 173 174 175 176 179 185 186 191 192 194 195 199 200 201 202 206 207 214 223 224 228 232 233 234 237 240 242 245 246 249 256 257 258 261 264 265 266 267 269 270 272 273 274 275 280 285 286 287 288 289 291 297 299 302 303 306 308 314 315 316 317 319 324 327 331 335 336 337 338 344 347 348 350 354 355 356 361 365 367 368 370 371
273 100 1 1000 4
133 136 137 141 142 144 148 150 151 153 154 156 158 159 160 162 163 164 165 166 169 170 172 173 174 178 180 181 191 195 196 197 200 201 202 203 207 210 211 212 214 218 219 220 223 225 226 229 230 239 240 241 242 243 245 247 248 254 261 265 267 270 275 276 277 278 284 286 288 289 294 295 296 297 298 301 305 306 309 311 316 319 321 322 326 331 332 334 337 340 353 355 359 364 366 367 368 369 370 373
277 100 1 1000 52
130 132 133 134 139 141 146 147 149 150 152 155 158 160 162 171 173 175 176 179 181 183 185 186 187 188 189 190 192 198 201 202 204 211 213 222 229 238 240 243 245 247 249 250 251 253 257 262 264 265 266 267 268 271 273 274 276 278 280 282 283 285 289 292 298 299 301 302 306 308 310 314 315 319 320 323 325 334 335 340 342 343 344 345 347 348 349 350 354 355 356 358 362 364 366 367 369 370 371 372
256 100 1 1000 93
126 127 129 131 132 133 135 136 137 139 142 146 147 152 154 156 160 161 165 166 172 175 178 179 182 184 185 189 192 193 196 207 209 210 213 216 222 223 227 228 229 230 233 234 236 237 238 240 245 251 252 253 255 259 260 262 266 269 270 272 273 274 284 288 290 291 294 300 305 309 312 313 314 316 318 324 326 327 328 329 330 332 333 337 338 339 340 341 342 345 348 350 351 356 359 362 363 366 369 370
148 100 1 1000 48
125 129 132 133 137 142 143 146 147 151 152 153 155 156 157 162 163 164 165 175 178 183 184 185 186 187 191 192 196 198 199 203 204 205 210 212 214 215 224 230 231 233 234 237 240 243 244 245 246 247 249 251 255 256 262 266 267 268 269 271 273 275 278 283 284 289 293 295 300 301 305 307 308 310 312 315 317 322 323 329 330 332 335 336 337 338 340 341 343 346 347 352 358 359 361 364 366 368 369 370
298 100 1 1000 40
125 128 130 131 132 134 136 137 141 142 144 145 147 149 152 158 159 161 162 166 170 172 176 179 180 182 183 185 188 191 193 196 198 199 201 203 206 208 209 210 211 212 213 214 218 222 225 226 230 231 241 248 249 251 252 254 255 256 257 258 261 264 269 271 279 281 283 286 287 288 289 294 296 300 306 307 311 313 314 316 317 319 320 324 336 342 345 347 349 350 351 354 355 358 360 361 364 370 373 374
225 100 1 1000 38
127 131 132 134 135 136 137 138 139 140 141 143 148 153 155 158 160 163 167 169 172 173 174 175 176 179 180 181 182 183 192 195 197 206 207 208 213 214 216 217 219 222 224 229 230 235 238 242 244 246 251 253 257 258 260 262 266 267 270 273 274 277 280 284 285 286 288 290 294 298 301 303 315 316 320 322 323 324 325 327 329 332 333 334 335 340 342 343 344 346 352 357 358 359 363 364 366 370 371 374
225 100 1 1000 65
125 126 127 128 129 132 133 135 136 137 138 141 142 144 145 148 149 163 164 165 166 167 168 171 174 175 176 184 185 188 189 190 194 196 200 202 203 204 205 206 209 210 213 216 220 224 226 234 236 237 240 245 246 248 249 252 255 257 263 266 267 268 269 274 278 279 280 284 285 290 291 295 297 299 301 306 307 309 310 312 313 316 317 320 322 326 328 332 334 337 342 343 345 347 355 357 359 360 362 370
320 100 1 1000 71
126 131 134 135 137 139 141 145 147 149 150 152 164 168 170 171 172 175 177 180 185 187 189 191 194 196 201 203 204 206 208 209 211 212 219 221 222 224 226 231 232 234 235 237 238 242 248 250 251 252 257 259 261 262 263 269 270 271 272 273 277 278 280 283 286 287 289 292 294 297 299 303 304 307 308 309 315 319 324 326 329 336 341 342 344 345 346 347 355 356 357 358 359 363 364 365 368 369 371 374
349 100 1 1000 67
125 128 130 132 138 143 144 147 158 164 170 174 176 178 179 184 185 186 187 188 190 191 192 193 198 201 202 203 210 213 214 215 221 222 223 224 226 227 229 230 231 233 237 239 244 245 246 247 249 251 256 257 262 263 265 266 267 268 270 271 278 281 283 286 290 291 293 297 298 299 300 302 309 310 315 316 317 319 320 321 323 325 326 330 331 334 336 345 346 352 353 354 357 358 359 361 363 367 369 372
165 100 1 1000 4
125 134 135 136 141 154 156 163 166 172 173 176 179 180 181 182 183 187 189 191 192 196 199 201 202 203 205 206 208 210 212 214 215 216 217 224 227 232 233 236 237 239 241 245 249 250 251 253 254 259 260 262 263 264 265 267 268 271 273 275 276 277 278 280 281 282 290 291 292 300 301 304 305 308 311 312 315 316 317 325 326 328 330 331 334 336 339 345 350 352 353 356 359 360 362 365 367 371 373 374
306 100 1 1000 54
125 129 131 133 138 139 143 144 148 151 153 159 164 170 172 173 174 176 178 184 185 187 188 192 193 196 198 202 203 204 207 208 210 214 215 219 223 224 225 231 233 235 236 237 238 240 241 244 248 250 254 256 263 264 269 270 276 277 279 280 282 287 288 290 291 293 295 303 304 305 307 308 312 313 314 321 323 324 326 335 336 338 339 340 343 344 346 347 350 351 353 354 355 361 362 363 364 370 371 374
187 100 1 1000 93
127 128 129 130 136 137 141 142 143 148 151 152 153 154 158 159 161 162 167 168 169 170 174 175 177 178 179 181 182 189 192 193 199 203 206 208 209 212 216 217 218 222 224 227 231 232 235 236 239 246 247 248 249 250 255 257 258 266 269 274 276 277 280 283 284 286 287 289 291 293 294 299 302 305 307 309 310 313 317 321 322 324 327 329 330 335 337 338 340 341 342 347 349 354 355 356 358 359 362 369
326 100 1 1000 26
126 129 134 137 139 148 149 150 151 155 158 160 162 163 166 167 168 171 172 173 174 176 179 183 188 191 196 197 198 200 202 204 206 207 210 211 213 216 218 219 221 224 228 229 232 233 234 235 236 240 241 243 244 245 247 252 253 260 262 264 265 269 270 274 277 281 286 287 292 295 296 301 305 308 309 313 317 318 321 323 325 327 328 334 337 338 340 341 343 344 346 354 356 363 365 366 367 368 371 373
335 100 1 1000 72
127 133 136 140 143 149 153 154 160 162 166 169 171 175 177 178 181 185 189 192 193 194 196 197 198 199 201 202 203 204 210 217 219 220 221 224 225 226 228 229 230 240 243 244 245 247 249 250 253 255 256 258 260 261 262 269 271 276 277 279 280 288 290 292 293 294 296 297 298 299 303 307 308 309 315 319 320 321 322 325 326 329 332 338 342 343 344 346 348 354 357 358 359 365 368 369 370 371 373 374
356 100 1 1000 70
125 129 130 132 133 134 135 137 142 143 144 145 148 149 150 156 158 160 162 165 168 173 183 185 186 187 188 191 200 204 205 208 212 214 217 218 221 223 224 225 226 227 230 231 234 235 236 237 241 245 246 247 249 250 251 257 258 262 273 274 276 289 291 294 297 298 301 303 306 307 308 310 312 314 316 317 322 323 325 326 327 328 330 331 335 336 337 338 340 343 346 349 350 365 366 367 368 369 372 374
248 100 1 1000 54
132 134 135 136 140 143 144 145 147 149 152 153 154 156 157 158 159 160 161 166 167 171 172 178 181 182 184 186 192 193 194 195 197 201 202 204 206 207 208 209 210 215 218 219 222 224 229 233 239 240 244 249 256 259 261 266 272 277 281 285 287 289 291 292 293 297 305 306 309 310 312 313 315 316 317 321 324 331 332 334 335 336 340 341 343 344 348 351 352 354 356 357 358 361 363 369 370 371 372 374
215 100 1 1000 27
125 126 132 135 139 141 146 151 152 153 154 157 158 160 162 163 165 168 172 173 175 179 180 181 182 184 186 187 188 191 192 197 198 202 204 207 209 211 217 218 219 220 223 226 228 229 230 231 236 238 242 243 248 251 256 260 264 265 268 276 278 280 282 285 286 290 296 299 301 302 303 304 305 306 308 309 310 312 314 321 322 326 327 328 329 330 337 339 340 341 344 345 347 349 357 366 368 370 371 374
205 100 1 1000 54
125 126 131 134 135 136 138 141 145 147 149 151 159 161 162 163 168 169 173 174 179 180 184 186 187 192 194 202 203 207 208 212 215 216 223 227 230 234 235 236 238 242 243 244 250 252 258 260 261 263 267 268 269 271 273 275 277 278 281 282 284 285 286 288 289 291 293 295 296 302 304 305 307 308 309 312 313 317 323 326 329 339 341 342 344 345 346 348 349 350 351 353 354 358 359 364 365 366 367 371
159 100 1 1000 15
125 126 128 129 132 138 142 145 146 150 153 156 161 164 167 168 170 179 180 181 184 185 190 191 192 193 197 198 202 205 207 209 210 211 212 213 215 218 219 224 226 227 229 230 231 233 236 237 238 239 240 241 243 244 246 247 252 253 258 260 261 262 266 268 269 271 272 273 275 279 281 284 286 287 292 297 299 300 303 307 315 316 319 320 321 323 325 327 328 336 342 349 353 358 360 366 368 369 370 373
224 100 1 1000 61
125 129 132 133 134 135 136 141 144 148 149 156 157 161 163 165 167 169 172 173 176 177 179 180 187 189 190 195 196 197 198 201 204 208 212 215 216 221 222 225 230 232 234 236 238 239 242 245 251 252 253 257 258 259 263 264 265 267 273 280 281 284 290 292 293 294 298 299 300 301 302 303 306 313 316 317 322 324 325 327 328 329 331 333 334 339 341 343 344 345 350 352 353 356 359 361 365 367 368 370
197 100 1 1000 62
125 130 132 133 136 140 141 142 143 144 150 153 154 156 160 161 162 167 168 170 171 173 174 178 179 182 185 186 187 188 190 193 195 200 202 205 206 212 214 216 217 220 221 224 227 231 233 234 235 239 244 245 247 250 251 255 256 258 259 261 265 266 269 270 274 275 283 290 294 296 298 299 303 304 305 306 307 308 312 315 317 318 319 321 324 326 334 335 337 338 339 341 347 348 352 359 363 364 367 374
198 100 1 1000 21
125 127 129 130 132 133 134 136 137 138 140 141 143 144 147 149 150 151 152 153 154 161 169 170 174 175 179 181 183 184 185 191 194 199 200 203 204 206 209 211 217 219 221 222 223 226 229 234 235 236 239 240 247 248 256 257 258 259 261 265 269 278 279 280 287 288 290 294 300 303 305 309 311 313 316 320 325 327 330 331 333 335 336 339 345 346 349 352 353 354 357 361 364 365 366 367 369 371 373 374
327 100 1 1000 77
126 128 130 134 138 140 141 142 144 146 148 150 153 154 158 163 167 168 169 172 173 174 176 177 179 180 186 190 191 192 194 200 202 204 207 209 211 213 220 221 223 225 229 235 240 241 242 243 246 247 249 253 255 256 257 259 261 262 264 266 269 272 279 282 287 288 293 294 295 297 306 307 310 311 313 314 315 320 323 326 329 331 334 336 339 341 343 344 346 348 353 358 361 362 363 365 366 367 369 372
267 100 1 1000 72
131 136 140 141 142 145 147 148 149 154 156 158 160 161 162 164 167 170 172 174 176 177 183 188 189 190 194 195 196 197 198 200 202 208 209 210 211 220 222 223 229 230 231 232 234 235 238 244 246 250 255 256 257 260 262 266 272 275 276 279 281 282 283 285 290 294 296 299 303 306 307 308 309 310 311 312 313 316 318 319 321 323 325 326 329 334 336 337 338 339 341 342 348 352 353 355 361 365 367 369
303 100 1 1000 27
135 137 139 143 145 148 149 150 153 164 165 166 170 173 175 178 179 180 185 187 189 190 192 193 198 200 201 202 205 210 211 215 216 222 225 226 228 235 236 240 241 242 243 245 246 248 255 256 259 260 262 264 266 268 273 276 281 286 291 294 295 297 299 300 302 305 307 309 312 314 315 322 324 326 327 330 331 332 333 334 336 337 341 343 344 349 350 354 355 357 359 360 361 363 364 365 367 368 370 371
164 100 1 1000 99
127 132 133 134 139 146 147 162 163 168 171 181 182 186 187 188 190 192 194 199 204 205 207 209 210 215 216 218 219 221 224 226 228 230 231 232 234 237 240 242 243 244 246 248 250 254 255 259 260 261 262 263 266 267 269 276 277 278 284 285 290 293 298 299 302 303 305 306 309 315 320 321 326 327 328 329 331 332 333 334 335 337 339 341 345 348 351 353 356 357 358 359 362 364 365 366 368 371 373 374
206 100 1 1000 15
125 126 130 135 138 139 140 142 143 145 147 148 150 152 154 155 157 158 161 164 165 168 169 171 173 174 175 179 182 185 187 190 191 193 195 196 197 198 199 201 203 205 207 210 214 215 217 220 221 227 231 233 235 236 237 240 241 245 258 263 264 265 268 270 272 275 277 279 281 282 290 292 296 297 302 304 313 314 316 318 319 322 325 326 330 331 332 336 341 344 346 349 352 355 358 360 365 367 369 370
194 100 1 1000 37
125 128 137 138 140 145 148 152 155 156 157 158 159 160 161 167 168 169 170 171 174 179 182 185 187 190 191 196 197 198 199 200 201 204 210 217 218 221 223 228 230 240 241 242 248 249 251 252 254 256 262 265 266 268 274 276 277 282 284 285 287 291 293 294 295 296 297 303 306 308 310 311 315 316 317 320 322 323 324 325 335 336 337 338 339 340 342 343 345 346 353 354 356 357 359 360 365 370 373 374
233 100 1 1000 77
125 128 132 135 138 139 143 144 146 147 151 157 163 167 172 173 175 176 179 186 188 189 192 194 197 198 203 204 208 212 215 221 225 227 231 237 239 243 246 248 261 263 266 270 271 273 274 278 279 280 281 282 283 287 288 289 291 292 294 295 298 300 302 303 305 306 308 313 314 323 325 327 328 329 330 332 337 338 340 341 343 344 347 349 350 351 352 354 355 356 357 358 359 360 362 366 369 371 373 374
181 100 1 1000 31
126 128 139 143 148 150 152 155 158 160 168 169 171 172 173 177 179 187 190 191 192 194 195 198 199 201 205 206 208 210 213 214 215 216 219 222 227 231 233 235 236 237 239 240 242 244 246 247 253 255 258 259 261 262 264 267 270 271 275 276 277 280 281 282 283 285 286 287 289 290 293 295 301 304 309 311 312 313 315 317 318 320 322 324 326 327 332 333 335 339 343 344 350 354 355 360 361 364 371 373
185 100 1 1000 2
131 133 134 135 136 137 139 140 144 146 148 149 150 154 157 158 159 160 163 164 165 169 171 174 175 176 177 184 191 194 196 198 199 202 207 209 210 213 214 216 219 221 223 224 228 229 236 237 238 248 251 252 253 256 257 258 259 263 267 270 271 273 287 288 290 292 298 299 301 302 307 311 313 314 318 320 321 322 323 324 325 333 335 338 340 342 344 345 346 349 350 354 355 357 358 367 368 370 373 374
321 100 1 1000 59
125 127 128 129 131 134 136 138 141 145 146 150 151 152 153 155 157 158 163 166 167 168 172 174 180 188 189 191 194 196 203 213 214 215 216 217 220 222 223 229 231 232 233 234 238 239 249 250 251 252 254 258 259 261 262 266 268 271 272 275 277 279 284 288 289 292 294 295 296 300 301 304 308 310 311 313 315 317 322 327 328 329 331 333 335 343 344 345 346 348 351 352 355 358 359 360 363 364 367 368
185 100 1 1000 70
125 133 136 137 138 139 141 142 148 150 158 162 164 166 170 172 175 177 178 179 180 181 184 186 187 189 190 193 194 195 196 197 198 201 204 206 207 208 209 210 213 214 220 221 223 230 231 234 237 242 244 245 247 251 253 256 257 264 266 269 273 277 278 279 287 289 293 296 298 303 304 310 311 312 314 315 316 322 323 333 337 338 339 340 341 345 348 349 352 356 357 359 360 362 364 365 367 370 371 372
222 100 1 1000 37
126 129 131 132 134 135 136 142 145 147 152 153 154 161 165 166 170 172 175 178 182 183 184 187 188 190 191 194 195 198 199 201 204 205 208 210 216 220 221 228 233 236 238 241 243 246 249 250 251 252 261 265 267 269 270 271 274 276 279 281 283 286 287 292 293 294 296 298 302 303 304 305 310 314 317 318 319 326 338 339 340 341 342 344 345 346 347 348 350 351 353 354 355 358 359 366 367 368 369 372
370 100 1 1000 14
125 133 137 138 140 141 148 152 154 155 156 163 164 165 167 168 169 171 174 177 180 181 182 183 185 191 192 197 198 204 205 209 211 212 213 214 215 216 219 221 222 223 225 228 229 233 234 245 246 248 252 253 257 263 266 269 275 276 278 280 281 282 283 285 286 287 288 290 291 292 294 297 299 300 302 303 305 307 313 314 316 318 322 323 324 327 328 331 333 338 344 351 352 354 356 357 359 362 365 374
239 100 1 1000 51
125 129 130 131 133 134 135 138 140 145 147 149 150 152 154 156 159 161 165 168 169 170 171 172 183 189 193 194 196 203 204 206 208 209 210 217 220 221 222 226 233 235 236 237 241 242 243 244 248 249 252 257 258 260 266 267 268 271 273 278 285 286 287 288 289 292 294 295 297 298 301 303 306 311 312 318 319 325 326 328 332 333 340 344 346 347 349 350 351 353 354 355 359 362 363 367 368 370 372 374
244 100 1 1000 69
128 131 132 136 139 140 146 148 149 153 154 156 159 167 168 169 171 173 176 179 181 184 187 188 189 190 191 202 206 209 210 214 216 218 219 222 224 227 228 230 232 233 236 243 248 249 250 251 252 253 255 257 258 260 263 265 267 269 271 273 274 275 276 277 281 283 286 287 292 293 295 301 307 308 309 312 315 316 319 323 324 325 330 335 338 339 343 344 345 347 352 354 357 359 360 362 363 364 367 374
177 100 1 1000 32
125 127 129 138 141 143 144 147 149 155 156 159 160 161 163 165 166 167 171 172 176 180 181 182 183 192 195 196 197 201 202 204 205 207 213 214 217 218 222 223 227 229 230 231 237 238 240 241 242 243 244 247 249 252 254 255 258 261 263 264 267 268 269 272 274 276 277 278 279 283 285 286 289 290 291 299 306 307 309 310 311 313 314 315 316 320 321 325 330 342 345 356 357 358 359 360 362 363 365 368
276 100 1 1000 88
125 126 131 132 133 134 138 139 142 147 149 150 152 154 155 158 161 162 165 166 173 175 181 182 183 184 191 194 199 201 202 205 208 211 213 218 220 221 222 223 225 230 231 232 233 238 241 243 245 249 253 255 257 259 260 265 266 270 273 274 277 278 279 282 283 285 292 293 298 303 304 305 306 308 311 321 322 327 333 338 342 343 345 346 349 352 353 354 356 357 358 359 361 362 363 366 367 369 370 372
142 100 1 1000 52
125 128 132 137 140 145 149 151 157 158 159 163 164 165 170 173 176 177 178 184 186 188 189 191 193 194 195 197 199 200 201 202 203 204 206 208 210 211 213 214 216 217 219 223 224 228 229 230 231 232 236 237 239 240 241 244 248 249 250 253 258 262 267 269 271 274 276 279 280 282 284 286 287 288 293 294 295 297 299 301 306 307 314 318 321 327 329 331 337 338 342 344 345 348 349 355 358 365 368 370
259 100 1 1000 69
126 127 128 129 132 136 141 144 150 151 152 153 161 162 163 165 168 171 175 179 180 181 183 186 190 193 196 197 198 202 203 205 207 208 211 212 213 215 218 219 220 222 223 224 225 227 228 232 234 236 237 238 239 241 242 247 254 255 256 264 268 269 273 280 283 284 288 289 291 292 293 294 297 300 302 315 316 317 318 319 323 324 328 333 334 338 343 346 349 350 353 355 356 358 360 361 364 367 370 372
216 100 1 1000 10
125 128 129 137 139 152 153 154 157 158 159 161 162 163 165 170 172 174 176 181 182 186 188 189 190 192 193 195 196 197 198 207 208 210 211 212 213 214 215 222 224 226 232 233 234 236 239 241 244 245 248 249 254 256 257 259 264 270 271 274 276 282 283 286 287 290 292 293 295 296 298 300 301 305 306 307 311 313 315 319 320 322 327 329 331 332 333 339 341 346 347 350 351 354 357 358 359 363 365 368
293 100 1 1000 65
126 128 130 133 135 138 139 141 143 148 149 152 153 156 157 159 160 163 165 167 174 176 178 180 181 182 185 191 192 193 195 196 197 203 205 206 210 211 220 225 232 234 235 237 241 243 245 246 249 251 252 253 255 258 259 264 265 266 267 268 269 270 271 273 275 282 283 286 287 288 289 290 295 299 304 307 310 312 313 314 317 326 328 329 332 337 340 341 342 344 348 350 353 354 363 365 366 371 372 373
326 100 1 1000 43
126 132 134 135 136 139 140 142 145 148 153 154 160 166 167 169 175 176 180 181 187 189 190 194 198 200 201 203 204 210 215 216 219 220 222 223 224 227 228 231 232 233 234 237 238 239 241 244 250 252 257 258 259 260 261 264 266 269 270 274 275 276 278 279 283 284 285 287 288 291 296 299 300 302 305 306 310 313 322 324 325 327 328 332 333 335 336 343 345 349 353 354 356 357 360 362 368 369 370 374
221 100 1 1000 60
126 130 131 132 134 135 136 137 140 141 143 145 147 148 150 151 152 153 158 160 167 170 173 176 177 181 182 188 191 192 194 196 197 199 200 205 206 207 209 210 213 216 218 219 223 224 230 232 233 234 238 239 243 245 254 255 256 258 260 261 263 265 266 267 268 271 273 274 276 278 279 288 290 292 295 297 299 306 308 309 310 312 314 317 324 325 329 331 340 342 343 344 346 352 355 356 358 360 363 366
231 100 1 1000 42
127 133 134 135 137 138 141 143 144 147 148 150 155 157 161 163 164 167 169 173 179 180 182 183 188 191 192 197 200 203 204 205 209 211 217 218 219 221 224 226 227 229 234 237 238 241 242 245 246 249 254 260 261 262 263 264 265 266 269 270 272 273 285 287 288 290 292 294 299 300 303 307 310 314 315 320 322 327 328 330 331 333 335 337 342 343 344 346 347 348 351 354 356 361 363 366 367 368 371 372
289 100 1 1000 44
127 130 131 140 143 147 150 156 157 159 161 162 164 168 173 174 178 179 180 182 183 191 194 197 198 199 201 205 207 208 212 214 216 217 219 223 224 231 233 236 237 239 240 245 248 250 251 255 256 258 259 263 264 268 272 273 274 276 279 280 282 288 292 293 294 298 300 301 302 305 306 309 312 313 319 320 322 323 327 330 331 332 335 336 340 341 343 345 346 347 348 350 351 352 357 359 362 365 366 367
281 100 1 1000 87
126 127 128 134 135 136 139 142 143 144 145 146 150 151 152 155 159 160 168 169 170 171 172 173 174 179 181 183 185 190 195 197 199 200 207 209 211 212 218 219 224 225 226 229 231 237 238 243 244 248 250 252 254 255 262 264 267 272 273 274 275 278 285 294 296 301 305 308 310 312 313 314 315 320 322 323 324 325 327 328 329 331 332 333 336 337 339 345 346 347 348 349 354 355 357 360 366 367 371 374
175 100 1 1000 31
125 127 128 129 131 138 140 142 143 148 153 154 157 160 161 162 165 167 169 171 173 174 179 181 182 183 185 186 189 194 195 196 199 200 201 202 203 210 214 219 223 224 225 226 228 231 232 234 237 240 246 247 250 256 257 258 259 260 270 275 276 279 280 282 283 284 293 294 295 296 298 299 301 302 304 307 308 313 314 315 317 322 325 326 335 341 344 346 347 348 349 351 354 355 362 363 367 369 371 373
136 100 1 1000 56
126 128 129 133 134 143 146 149 151 152 154 156 158 167 170 172 173 176 177 179 180 182 183 184 186 194 199 202 204 205 207 213 218 222 223 225 226 227 231 233 237 238 241 242 244 249 251 252 253 254 256 257 258 259 260 264 266 267 268 272 276 278 279 283 284 285 286 291 292 293 295 296 299 303 305 308 313 314 317 318 322 323 326 329 330 333 335 336 337 340 341 344 346 349 354 355 356 357 362 363
163 100 1 1000 55
126 132 133 134 135 136 140 141 143 145 151 153 154 157 159 166 167 171 185 187 190 193 194 195 197 198 199 200 201 208 210 212 216 220 222 223 226 233 234 237 239 240 242 244 245 248 250 255 256 259 261 262 264 265 269 270 271 273 274 275 281 283 286 291 292 293 295 296 297 298 299 300 303 304 305 306 309 310 312 313 314 319 323 324 326 332 334 343 344 345 346 351 352 354 356 360 364 369 371 372
360 100 1 1000 96
126 129 132 134 136 137 140 141 144 145 148 150 152 155 161 165 168 170 171 172 173 175 177 178 179 182 183 184 188 189 190 193 194 197 201 202 206 208 210 213 215 228 229 236 237 239 245 246 249 250 253 255 256 260 261 264 266 270 272 275 280 281 282 288 289 290 294 296 298 305 307 311 312 315 316 317 318 325 326 328 329 331 333 334 335 337 338 343 345 346 348 349 354 356 359 361 365 368 369 370
370 100 1 1000 55
125 126 133 134 136 138 140 141 142 143 147 152 154 155 156 158 159 160 163 164 167 168 169 175 178 179 181 182 186 192 194 195 196 199 204 206 210 212 214 217 219 228 232 237 239 240 243 247 248 251 256 258 259 265 266 270 276 279 281 284 285 286 287 291 296 298 300 302 304 306 307 308 311 312 314 318 319 320 321 326 328 332 333 337 338 342 345 347 349 353 357 358 360 363 364 366 367 368 371 374
222 100 1 1000 12
126 132 134 135 143 145 146 150 152 153 156 158 159 160 165 173 174 177 179 181 184 185 186 190 191 193 194 198 202 205 206 208 209 211 217 220 223 226 227 228 229 234 236 239 240 242 246 247 250 252 253 254 255 258 259 260 262 263 269 273 275 276 284 285 287 290 294 295 296 297 302 305 306 310 311 313 314 317 318 319 325 328 330 335 336 338 340 343 345 350 352 353 355 359 361 363 364 365 366 370
226 100 1 1000 11
126 130 133 139 140 142 145 146 148 153 156 162 164 166 168 174 175 177 178 180 185 188 191 192 195 198 203 205 206 207 211 212 216 219 220 221 223 224 233 235 237 241 242 246 248 250 252 253 258 259 261 262 263 264 271 272 276 281 283 285 287 288 292 295 298 300 301 302 308 312 313 316 319 322 325 331 333 334 335 336 338 340 342 343 344 346 349 353 355 356 358 363 365 367 368 369 370 371 372 373
128 100 1 1000 89
130 131 134 137 139 141 148 151 154 162 164 165 168 169 175 177 178 180 181 182 183 189 190 191 192 193 194 195 196 197 198 200 204 206 208 209 212 214 218 221 223 227 231 233 234 239 242 247 248 251 255 256 257 259 262 264 267 272 275 276 277 278 282 286 290 291 292 302 303 306 307 309 310 311 312 313 315 316 324 330 331 332 333 335 337 341 342 343 344 345 351 354 359 361 363 366 369 370 372 374
148 100 1 1000 18
127 128 129 130 136 141 143 146 147 153 155 164 165 166 170 175 177 180 181 182 184 186 187 188 194 195 199 201 210 211 213 214 215 217 221 222 224 225 227 229 242 244 248 249 254 256 257 258 259 265 266 271 280 283 284 285 286 287 290 296 305 309 310 311 312 313 314 316 319 321 322 323 324 325 329 330 332 334 336 338 340 341 343 344 347 348 350 351 353 354 355 356 357 358 364 366 368 372 373 374
305 100 1 1000 52
125 126 128 131 133 136 139 143 144 146 153 155 156 163 165 166 167 168 177 178 179 185 187 188 189 190 191 192 194 195 198 199 201 204 205 214 219 221 223 225 227 228 233 236 237 239 241 243 244 245 246 250 253 257 263 265 266 268 269 270 274 275 276 281 286 287 288 290 295 297 304 306 309 310 311 313 314 318 320 321 322 324 327 329 333 334 336 337 340 343 344 345 352 354 358 364 368 369 373 374
370 100 1 1000 51
128 133 135 136 137 151 153 154 155 160 161 165 166 167 171 175 176 178 179 180 181 183 185 188 190 191 195 201 206 207 208 210 211 212 215 216 218 220 226 228 229 231 233 234 238 241 243 244 245 246 247 248 249 253 258 261 262 264 269 273 275 277 279 283 285 286 292 298 299 302 303 307 308 309 310 314 315 319 320 323 327 328 331 333 334 336 342 344 347 348 352 353 355 356 357 359 360 367 371 374
371 100 1 1000 56
125 126 127 128 130 133 137 138 139 140 143 148 149 152 153 155 156 159 160 167 169 175 177 179 181 182 186 187 188 189 190 191 192 196 199 202 209 211 214 218 222 223 225 227 235 236 237 238 241 242 249 250 253 254 255 258 259 261 262 263 264 270 282 283 286 289 291 292 294 295 296 297 301 303 304 306 308 313 315 318 320 324 326 327 330 336 338 343 345 346 349 351 353 355 356 359 362 364 368 369
319 100 1 1000 70
126 128 129 130 131 136 137 140 141 146 149 152 155 158 159 160 164 166 167 168 169 177 179 181 189 191 194 195 197 198 201 202 206 208 209 211 212 214 217 219 222 223 229 231 233 235 236 242 244 246 249 252 254 256 260 263 266 267 274 277 278 279 281 282 283 284 285 286 290 298 299 301 303 306 307 308 317 320 321 322 324 329 331 334 335 337 338 339 343 346 347 348 350 352 356 357 359 361 367 370
330 100 1 1000 43
125 128 129 132 135 138 146 154 155 156 162 168 169 170 172 175 178 179 181 182 183 185 194 196 197 205 207 211 212 213 214 215 217 218 219 220 225 226 227 229 230 231 234 235 236 241 245 248 249 251 253 258 261 263 265 268 270 276 278 282 283 286 288 291 292 294 299 304 311 312 316 317 318 319 321 322 323 329 333 337 339 344 345 346 347 349 352 354 355 358 359 361 362 363 365 366 367 370 372 373
184 100 1 1000 73
125 131 134 135 136 140 142 143 146 147 148 149 151 153 155 156 157 161 163 164 165 174 175 177 179 181 186 187 190 191 195 198 200 204 205 207 209 210 212 213 216 217 219 220 229 230 231 233 240 244 245 246 247 253 255 258 259 260 261 262 267 269 276 278 282 284 286 288 289 295 303 307 310 313 316 318 319 324 327 328 331 334 338 339 342 343 344 345 346 348 349 353 354 355 358 363 367 371 372 373
252 100 1 1000 92
126 127 131 132 133 134 137 139 140 147 149 150 151 153 154 156 162 163 164 167 168 170 178 179 180 181 182 184 186 187 188 194 203 204 205 208 210 211 213 214 218 219 221 224 226 227 237 238 239 242 243 247 251 261 262 263 264 267 269 271 272 274 275 276 278 279 281 288 289 291 293 296 304 306 307 313 314 315 317 325 326 328 343 347 348 349 350 353 355 356 359 360 361 363 364 366 367 368 369 371
210 100 1 1000 97
131 136 137 138 139 140 144 145 146 147 148 150 154 155 156 157 161 166 169 171 176 177 178 179 181 182 183 184 189 190 192 198 199 200 201 206 208 214 217 220 232 234 235 236 237 239 243 244 245 247 249 251 252 265 271 275 276 278 279 280 281 282 283 286 289 290 293 295 296 298 299 301 302 304 305 308 311 315 316 320 321 322 323 324 330 333 334 346 347 349 350 357 358 362 363 364 368 371 372 373
253 100 1 1000 74
125 127 134 138 139 143 147 149 151 154 155 156 158 160 161 163 167 174 176 177 178 184 185 186 187 189 192 197 204 205 207 209 210 212 213 214 215 217 218 220 225 229 233 238 240 241 242 245 247 250 254 255 258 260 263 264 270 272 273 274 276 282 286 288 291 293 296 298 303 304 307 308 310 313 316 321 322 326 327 330 331 332 334 338 340 344 345 346 347 348 350 351 360 361 363 367 368 369 371 373
215 100 1 1000 75
126 130 131 135 137 141 142 143 144 145 147 148 153 156 158 161 164 165 167 169 172 173 175 178 180 181 182 185 186 189 191 192 193 194 195 196 198 203 205 207 210 212 219 221 222 226 228 229 234 236 240 241 244 245 249 250 255 256 257 259 260 265 267 271 273 274 276 278 283 284 288 294 296 298 301 303 305 310 315 318 320 324 326 327 331 335 336 337 338 343 347 348 352 358 360 362 366 370 371 372
207 100 1 1000 72
125 126 130 131 132 139 144 145 148 151 154 155 156 157 158 161 170 172 174 180 181 183 184 185 189 191 192 195 199 203 204 205 209 214 215 218 220 225 226 227 232 238 242 243 244 245 247 248 251 258 261 267 268 270 271 273 275 278 281 284 285 286 287 288 292 294 295 296 297 300 308 311 312 314 315 316 317 318 319 324 326 327 329 330 331 337 340 342 344 347 352 354 360 362 363 364 365 366 367 373
296 100 1 1000 14
126 128 129 132 139 143 144 145 146 147 148 149 150 151 152 154 155 156 159 161 164 167 168 170 171 172 173 174 175 176 177 178 179 182 185 190 193 196 201 205 207 208 210 211 212 214 215 216 231 234 236 243 244 247 248 249 250 252 253 254 261 262 265 272 274 277 278 283 286 297 300 301 303 304 310 317 323 325 326 329 331 334 336 337 338 339 340 344 346 348 352 356 357 358 359 365 371 372 373 374
171 100 1 1000 65
125 130 132 133 134 135 136 140 150 151 153 159 160 166 170 173 176 182 183 184 186 188 189 190 193 197 198 199 200 202 204 206 208 209 215 217 218 222 224 227 231 232 237 238 239 241 244 246 247 249 255 260 262 263 266 268 270 272 273 275 276 279 281 283 285 287 295 302 303 304 305 312 313 315 317 319 320 321 325 327 330 331 334 335 336 337 339 344 345 349 350 353 354 358 361 363 366 370 372 374
143 100 1 1000 83
131 133 140 151 154 155 157 158 162 163 164 165 167 170 173 174 181 183 184 185 186 194 195 200 205 206 209 210 211 215 217 219 221 222 226 229 230 233 236 237 239 241 242 248 249 251 253 255 257 258 259 264 265 267 268 272 275 277 279 284 286 290 291 292 294 295 302 303 304 305 306 308 309 311 313 316 317 319 320 321 323 326 328 329 338 340 341 346 350 352 353 354 355 357 359 363 365 367 373 374
145 100 1 1000 80
125 128 129 130 138 139 142 144 147 148 150 151 152 158 164 165 166 167 171 175 178 179 183 185 194 195 202 203 208 211 217 218 219 220 222 223 224 226 227 229 234 237 238 239 243 244 247 251 254 255 258 259 261 262 263 265 266 269 273 278 281 284 285 287 290 294 301 303 304 305 306 312 315 316 317 320 322 324 325 329 330 332 333 334 336 338 342 346 348 354 355 356 357 358 360 362 365 368 371 372
327 100 1 1000 28
126 128 129 132 140 141 142 145 146 156 160 161 164 165 166 168 172 177 178 182 186 188 190 192 196 197 200 201 202 203 206 211 214 215 216 217 219 221 222 223 224 225 230 232 237 242 245 256 258 260 263 264 266 268 270 271 273 275 277 278 279 282 284 285 286 289 292 293 295 297 299 304 305 313 317 318 319 320 328 329 330 331 334 335 336 338 342 344 345 346 349 352 353 355 357 363 366 368 371 373
242 100 1 1000 84
126 129 131 134 139 141 145 146 147 148 151 153 154 155 156 157 159 163 171 175 176 177 179 180 183 184 192 195 196 201 202 205 208 209 210 212 215 221 224 228 229 230 231 233 236 244 248 250 252 257 263 264 268 270 271 272 274 277 278 289 295 296 299 300 301 304 305 306 311 318 320 321 322 324 326 327 328 331 332 333 334 335 337 340 343 347 349 350 353 355 357 359 364 365 366 370 371 372 373 374
243 100 1 1000 49
125 127 128 130 131 133 135 136 139 146 148 149 154 157 159 164 168 169 170 171 172 178 180 191 193 194 195 197 198 202 204 207 211 215 222 226 229 230 233 241 251 252 254 257 258 259 260 262 264 268 271 273 276 278 279 281 282 285 286 287 288 289 292 300 302 304 305 307 309 310 313 316 318 319 322 323 327 329 331 332 333 334 335 343 344 348 349 351 355 357 361 363 364 365 366 368 369 371 372 373
