375 750
0 0 core
1 0 core
2 0 core
3 0 core
4 0 core
5 0 core
6 0 core
7 0 core
8 0 core
9 0 core
10 0 core
11 0 core
12 0 core
13 0 core
14 0 core
15 0 core
16 0 core
17 0 core
18 0 core
19 0 core
20 0 core
21 0 core
22 0 core
23 0 core
24 0 core
25 1 aggr
26 1 aggr
27 1 aggr
28 1 aggr
29 1 aggr
30 2 aggr
31 2 aggr
32 2 aggr
33 2 aggr
34 2 aggr
35 3 aggr
36 3 aggr
37 3 aggr
38 3 aggr
39 3 aggr
40 4 aggr
41 4 aggr
42 4 aggr
43 4 aggr
44 4 aggr
45 5 aggr
46 5 aggr
47 5 aggr
48 5 aggr
49 5 aggr
50 6 aggr
51 6 aggr
52 6 aggr
53 6 aggr
54 6 aggr
55 7 aggr
56 7 aggr
57 7 aggr
58 7 aggr
59 7 aggr
60 8 aggr
61 8 aggr
62 8 aggr
63 8 aggr
64 8 aggr
65 9 aggr
66 9 aggr
67 9 aggr
68 9 aggr
69 9 aggr
70 10 aggr
71 10 aggr
72 10 aggr
73 10 aggr
74 10 aggr
75 1 edge
76 1 edge
77 1 edge
78 1 edge
79 1 edge
80 2 edge
81 2 edge
82 2 edge
83 2 edge
84 2 edge
85 3 edge
86 3 edge
87 3 edge
88 3 edge
89 3 edge
90 4 edge
91 4 edge
92 4 edge
93 4 edge
94 4 edge
95 5 edge
96 5 edge
97 5 edge
98 5 edge
99 5 edge
100 6 edge
101 6 edge
102 6 edge
103 6 edge
104 6 edge
105 7 edge
106 7 edge
107 7 edge
108 7 edge
109 7 edge
110 8 edge
111 8 edge
112 8 edge
113 8 edge
114 8 edge
115 9 edge
116 9 edge
117 9 edge
118 9 edge
119 9 edge
120 10 edge
121 10 edge
122 10 edge
123 10 edge
124 10 edge
125 1 host
126 1 host
127 1 host
128 1 host
129 1 host
130 1 host
131 1 host
132 1 host
133 1 host
134 1 host
135 1 host
136 1 host
137 1 host
138 1 host
139 1 host
140 1 host
141 1 host
142 1 host
143 1 host
144 1 host
145 1 host
146 1 host
147 1 host
148 1 host
149 1 host
150 2 host
151 2 host
152 2 host
153 2 host
154 2 host
155 2 host
156 2 host
157 2 host
158 2 host
159 2 host
160 2 host
161 2 host
162 2 host
163 2 host
164 2 host
165 2 host
166 2 host
167 2 host
168 2 host
169 2 host
170 2 host
171 2 host
172 2 host
173 2 host
174 2 host
175 3 host
176 3 host
177 3 host
178 3 host
179 3 host
180 3 host
181 3 host
182 3 host
183 3 host
184 3 host
185 3 host
186 3 host
187 3 host
188 3 host
189 3 host
190 3 host
191 3 host
192 3 host
193 3 host
194 3 host
195 3 host
196 3 host
197 3 host
198 3 host
199 3 host
200 4 host
201 4 host
202 4 host
203 4 host
204 4 host
205 4 host
206 4 host
207 4 host
208 4 host
209 4 host
210 4 host
211 4 host
212 4 host
213 4 host
214 4 host
215 4 host
216 4 host
217 4 host
218 4 host
219 4 host
220 4 host
221 4 host
222 4 host
223 4 host
224 4 host
225 5 host
226 5 host
227 5 host
228 5 host
229 5 host
230 5 host
231 5 host
232 5 host
233 5 host
234 5 host
235 5 host
236 5 host
237 5 host
238 5 host
239 5 host
240 5 host
241 5 host
242 5 host
243 5 host
244 5 host
245 5 host
246 5 host
247 5 host
248 5 host
249 5 host
250 6 host
251 6 host
252 6 host
253 6 host
254 6 host
255 6 host
256 6 host
257 6 host
258 6 host
259 6 host
260 6 host
261 6 host
262 6 host
263 6 host
264 6 host
265 6 host
266 6 host
267 6 host
268 6 host
269 6 host
270 6 host
271 6 host
272 6 host
273 6 host
274 6 host
275 7 host
276 7 host
277 7 host
278 7 host
279 7 host
280 7 host
281 7 host
282 7 host
283 7 host
284 7 host
285 7 host
286 7 host
287 7 host
288 7 host
289 7 host
290 7 host
291 7 host
292 7 host
293 7 host
294 7 host
295 7 host
296 7 host
297 7 host
298 7 host
299 7 host
300 8 host
301 8 host
302 8 host
303 8 host
304 8 host
305 8 host
306 8 host
307 8 host
308 8 host
309 8 host
310 8 host
311 8 host
312 8 host
313 8 host
314 8 host
315 8 host
316 8 host
317 8 host
318 8 host
319 8 host
320 8 host
321 8 host
322 8 host
323 8 host
324 8 host
325 9 host
326 9 host
327 9 host
328 9 host
329 9 host
330 9 host
331 9 host
332 9 host
333 9 host
334 9 host
335 9 host
336 9 host
337 9 host
338 9 host
339 9 host
340 9 host
341 9 host
342 9 host
343 9 host
344 9 host
345 9 host
346 9 host
347 9 host
348 9 host
349 9 host
350 10 host
351 10 host
352 10 host
353 10 host
354 10 host
355 10 host
356 10 host
357 10 host
358 10 host
359 10 host
360 10 host
361 10 host
362 10 host
363 10 host
364 10 host
365 10 host
366 10 host
367 10 host
368 10 host
369 10 host
370 10 host
371 10 host
372 10 host
373 10 host
25 75
25 76
25 77
25 78
25 79
25 0
25 1
25 2
25 3
25 4
26 75
26 76
26 77
26 78
26 79
26 5
26 6
26 7
26 8
26 9
27 75
27 76
27 77
27 78
27 79
27 10
27 11
27 12
27 13
27 14
28 75
28 76
28 77
28 78
28 79
28 15
28 16
28 17
28 18
28 19
29 75
29 76
29 77
29 78
29 79
29 20
29 21
29 22
29 23
29 24
75 125
75 126
75 127
75 128
75 129
76 130
76 131
76 132
76 133
76 134
77 135
77 136
77 137
77 138
77 139
78 140
78 141
78 142
78 143
78 144
79 145
79 146
79 147
79 148
79 149
30 80
30 81
30 82
30 83
30 84
30 0
30 1
30 2
30 3
30 4
31 80
31 81
31 82
31 83
31 84
31 5
31 6
31 7
31 8
31 9
32 80
32 81
32 82
32 83
32 84
32 10
32 11
32 12
32 13
32 14
33 80
33 81
33 82
33 83
33 84
33 15
33 16
33 17
33 18
33 19
34 80
34 81
34 82
34 83
34 84
34 20
34 21
34 22
34 23
34 24
80 150
80 151
80 152
80 153
80 154
81 155
81 156
81 157
81 158
81 159
82 160
82 161
82 162
82 163
82 164
83 165
83 166
83 167
83 168
83 169
84 170
84 171
84 172
84 173
84 174
35 85
35 86
35 87
35 88
35 89
35 0
35 1
35 2
35 3
35 4
36 85
36 86
36 87
36 88
36 89
36 5
36 6
36 7
36 8
36 9
37 85
37 86
37 87
37 88
37 89
37 10
37 11
37 12
37 13
37 14
38 85
38 86
38 87
38 88
38 89
38 15
38 16
38 17
38 18
38 19
39 85
39 86
39 87
39 88
39 89
39 20
39 21
39 22
39 23
39 24
85 175
85 176
85 177
85 178
85 179
86 180
86 181
86 182
86 183
86 184
87 185
87 186
87 187
87 188
87 189
88 190
88 191
88 192
88 193
88 194
89 195
89 196
89 197
89 198
89 199
40 90
40 91
40 92
40 93
40 94
40 0
40 1
40 2
40 3
40 4
41 90
41 91
41 92
41 93
41 94
41 5
41 6
41 7
41 8
41 9
42 90
42 91
42 92
42 93
42 94
42 10
42 11
42 12
42 13
42 14
43 90
43 91
43 92
43 93
43 94
43 15
43 16
43 17
43 18
43 19
44 90
44 91
44 92
44 93
44 94
44 20
44 21
44 22
44 23
44 24
90 200
90 201
90 202
90 203
90 204
91 205
91 206
91 207
91 208
91 209
92 210
92 211
92 212
92 213
92 214
93 215
93 216
93 217
93 218
93 219
94 220
94 221
94 222
94 223
94 224
45 95
45 96
45 97
45 98
45 99
45 0
45 1
45 2
45 3
45 4
46 95
46 96
46 97
46 98
46 99
46 5
46 6
46 7
46 8
46 9
47 95
47 96
47 97
47 98
47 99
47 10
47 11
47 12
47 13
47 14
48 95
48 96
48 97
48 98
48 99
48 15
48 16
48 17
48 18
48 19
49 95
49 96
49 97
49 98
49 99
49 20
49 21
49 22
49 23
49 24
95 225
95 226
95 227
95 228
95 229
96 230
96 231
96 232
96 233
96 234
97 235
97 236
97 237
97 238
97 239
98 240
98 241
98 242
98 243
98 244
99 245
99 246
99 247
99 248
99 249
50 100
50 101
50 102
50 103
50 104
50 0
50 1
50 2
50 3
50 4
51 100
51 101
51 102
51 103
51 104
51 5
51 6
51 7
51 8
51 9
52 100
52 101
52 102
52 103
52 104
52 10
52 11
52 12
52 13
52 14
53 100
53 101
53 102
53 103
53 104
53 15
53 16
53 17
53 18
53 19
54 100
54 101
54 102
54 103
54 104
54 20
54 21
54 22
54 23
54 24
100 250
100 251
100 252
100 253
100 254
101 255
101 256
101 257
101 258
101 259
102 260
102 261
102 262
102 263
102 264
103 265
103 266
103 267
103 268
103 269
104 270
104 271
104 272
104 273
104 274
55 105
55 106
55 107
55 108
55 109
55 0
55 1
55 2
55 3
55 4
56 105
56 106
56 107
56 108
56 109
56 5
56 6
56 7
56 8
56 9
57 105
57 106
57 107
57 108
57 109
57 10
57 11
57 12
57 13
57 14
58 105
58 106
58 107
58 108
58 109
58 15
58 16
58 17
58 18
58 19
59 105
59 106
59 107
59 108
59 109
59 20
59 21
59 22
59 23
59 24
105 275
105 276
105 277
105 278
105 279
106 280
106 281
106 282
106 283
106 284
107 285
107 286
107 287
107 288
107 289
108 290
108 291
108 292
108 293
108 294
109 295
109 296
109 297
109 298
109 299
60 110
60 111
60 112
60 113
60 114
60 0
60 1
60 2
60 3
60 4
61 110
61 111
61 112
61 113
61 114
61 5
61 6
61 7
61 8
61 9
62 110
62 111
62 112
62 113
62 114
62 10
62 11
62 12
62 13
62 14
63 110
63 111
63 112
63 113
63 114
63 15
63 16
63 17
63 18
63 19
64 110
64 111
64 112
64 113
64 114
64 20
64 21
64 22
64 23
64 24
110 300
110 301
110 302
110 303
110 304
111 305
111 306
111 307
111 308
111 309
112 310
112 311
112 312
112 313
112 314
113 315
113 316
113 317
113 318
113 319
114 320
114 321
114 322
114 323
114 324
65 115
65 116
65 117
65 118
65 119
65 0
65 1
65 2
65 3
65 4
66 115
66 116
66 117
66 118
66 119
66 5
66 6
66 7
66 8
66 9
67 115
67 116
67 117
67 118
67 119
67 10
67 11
67 12
67 13
67 14
68 115
68 116
68 117
68 118
68 119
68 15
68 16
68 17
68 18
68 19
69 115
69 116
69 117
69 118
69 119
69 20
69 21
69 22
69 23
69 24
115 325
115 326
115 327
115 328
115 329
116 330
116 331
116 332
116 333
116 334
117 335
117 336
117 337
117 338
117 339
118 340
118 341
118 342
118 343
118 344
119 345
119 346
119 347
119 348
119 349
70 120
70 121
70 122
70 123
70 124
70 0
70 1
70 2
70 3
70 4
71 120
71 121
71 122
71 123
71 124
71 5
71 6
71 7
71 8
71 9
72 120
72 121
72 122
72 123
72 124
72 10
72 11
72 12
72 13
72 14
73 120
73 121
73 122
73 123
73 124
73 15
73 16
73 17
73 18
73 19
74 120
74 121
74 122
74 123
74 124
74 20
74 21
74 22
74 23
74 24
120 350
120 351
120 352
120 353
120 354
121 355
121 356
121 357
121 358
121 359
122 360
122 361
122 362
122 363
122 364
123 365
123 366
123 367
123 368
123 369
124 370
124 371
124 372
124 373
124 374
