30
45 2 1 1000 489
60 71
59 2 1 1000 687
56 75
70 2 1 1000 742
78 97
55 2 1 1000 846
54 63
69 2 1 1000 458
76 92
59 2 1 1000 737
54 81
78 2 1 1000 953
71 83
48 2 1 1000 238
64 93
96 2 1 1000 130
72 80
59 2 1 1000 636
47 83
50 2 1 1000 196
61 96
75 2 1 1000 439
61 86
78 2 1 1000 558
54 92
74 2 1 1000 682
47 70
70 2 1 1000 388
45 73
64 2 1 1000 977
46 58
90 2 1 1000 710
63 77
70 2 1 1000 927
68 84
76 2 1 1000 751
60 91
50 2 1 1000 289
47 70
85 2 1 1000 871
76 92
81 2 1 1000 528
63 71
88 2 1 1000 232
69 71
48 2 1 1000 237
55 71
71 2 1 1000 440
58 73
45 2 1 1000 171
92 98
92 2 1 1000 645
46 97
53 2 1 1000 731
45 93
67 2 1 1000 256
65 87
73 2 1 1000 832
62 91
