208 384
17 49
17 50
17 51
17 52
17 1
17 2
17 3
17 4
18 49
18 50
18 51
18 52
18 5
18 6
18 7
18 8
19 49
19 50
19 51
19 52
19 9
19 10
19 11
19 12
20 49
20 50
20 51
20 52
20 13
20 14
20 15
20 16
49 81
49 82
49 83
49 84
50 85
50 86
50 87
50 88
51 89
51 90
51 91
51 92
52 93
52 94
52 95
52 96
21 53
21 54
21 55
21 56
21 1
21 2
21 3
21 4
22 53
22 54
22 55
22 56
22 5
22 6
22 7
22 8
23 53
23 54
23 55
23 56
23 9
23 10
23 11
23 12
24 53
24 54
24 55
24 56
24 13
24 14
24 15
24 16
53 97
53 98
53 99
53 100
54 101
54 102
54 103
54 104
55 105
55 106
55 107
55 108
56 109
56 110
56 111
56 112
25 57
25 58
25 59
25 60
25 1
25 2
25 3
25 4
26 57
26 58
26 59
26 60
26 5
26 6
26 7
26 8
27 57
27 58
27 59
27 60
27 9
27 10
27 11
27 12
28 57
28 58
28 59
28 60
28 13
28 14
28 15
28 16
57 113
57 114
57 115
57 116
58 117
58 118
58 119
58 120
59 121
59 122
59 123
59 124
60 125
60 126
60 127
60 128
29 61
29 62
29 63
29 64
29 1
29 2
29 3
29 4
30 61
30 62
30 63
30 64
30 5
30 6
30 7
30 8
31 61
31 62
31 63
31 64
31 9
31 10
31 11
31 12
32 61
32 62
32 63
32 64
32 13
32 14
32 15
32 16
61 129
61 130
61 131
61 132
62 133
62 134
62 135
62 136
63 137
63 138
63 139
63 140
64 141
64 142
64 143
64 144
33 65
33 66
33 67
33 68
33 1
33 2
33 3
33 4
34 65
34 66
34 67
34 68
34 5
34 6
34 7
34 8
35 65
35 66
35 67
35 68
35 9
35 10
35 11
35 12
36 65
36 66
36 67
36 68
36 13
36 14
36 15
36 16
65 145
65 146
65 147
65 148
66 149
66 150
66 151
66 152
67 153
67 154
67 155
67 156
68 157
68 158
68 159
68 160
37 69
37 70
37 71
37 72
37 1
37 2
37 3
37 4
38 69
38 70
38 71
38 72
38 5
38 6
38 7
38 8
39 69
39 70
39 71
39 72
39 9
39 10
39 11
39 12
40 69
40 70
40 71
40 72
40 13
40 14
40 15
40 16
69 161
69 162
69 163
69 164
70 165
70 166
70 167
70 168
71 169
71 170
71 171
71 172
72 173
72 174
72 175
72 176
41 73
41 74
41 75
41 76
41 1
41 2
41 3
41 4
42 73
42 74
42 75
42 76
42 5
42 6
42 7
42 8
43 73
43 74
43 75
43 76
43 9
43 10
43 11
43 12
44 73
44 74
44 75
44 76
44 13
44 14
44 15
44 16
73 177
73 178
73 179
73 180
74 181
74 182
74 183
74 184
75 185
75 186
75 187
75 188
76 189
76 190
76 191
76 192
45 77
45 78
45 79
45 80
45 1
45 2
45 3
45 4
46 77
46 78
46 79
46 80
46 5
46 6
46 7
46 8
47 77
47 78
47 79
47 80
47 9
47 10
47 11
47 12
48 77
48 78
48 79
48 80
48 13
48 14
48 15
48 16
77 193
77 194
77 195
77 196
78 197
78 198
78 199
78 200
79 201
79 202
79 203
79 204
80 205
80 206
80 207
80 208


# pod = 8
